"Good Days","Unhealthy Days","Days NO2","Number_fires","Length","Area","Visits_all"
"Good Days",1,-0.636,0.109,-0.07,0.051,0.208,-0.392
"Unhealthy Days",-0.636,1,-0.008,0.1,0.064,-0.059,0.427
"Days NO2",0.109,-0.008,1,-0.129,-0.148,-0.089,0.307
"Number_fires",-0.07,0.1,-0.129,1,0.731,0.532,0.009
"Length",0.051,0.064,-0.148,0.731,1,0.754,-0.097
"Area",0.208,-0.059,-0.089,0.532,0.754,1,-0.079
"Visits_all",-0.392,0.427,0.307,0.009,-0.097,-0.079,1
