"Good Days","Unhealthy Days","Days NO2","Number_fires","Length","Area","Visits_all"
"Good Days",1,-0.616,0.054,-0.31,-0.238,-0.199,-0.398
"Unhealthy Days",-0.616,1,-0.024,0.343,0.174,0.015,0.469
"Days NO2",0.054,-0.024,1,-0.108,-0.069,0.013,0.284
"Number_fires",-0.31,0.343,-0.108,1,0.933,0.736,0.166
"Length",-0.238,0.174,-0.069,0.933,1,0.853,0.101
"Area",-0.199,0.015,0.013,0.736,0.853,1,0.106
"Visits_all",-0.398,0.469,0.284,0.166,0.101,0.106,1
